model_id,rouge_l,semantic_sim,factual_corr,answer_quality,jsd_divergence,composite_score,status
gemini-2.5-pro,0.29376514337859083,0.7277569770812988,0.4143,0.0,0.6053197451906462,0.304197507892652,FAIL_QUALITY
claude-sonnet-4-6,0.24961438103743486,0.705313503742218,0.4058,0.0,0.6503627324400235,0.30112908311539033,FAIL_QUALITY
norallm__normistral-7b-warm-instruct,0.0,0.0,0.4591,0.0,0.0,0.04132289400605257,FAIL_QUALITY
NBAiLab__borealis-open-4b-gguf,0.0,0.0,0.401,0.0,0.0,0.04076753354837732,FAIL_QUALITY
